2.82629
1.64343
2.96265
0.82666
2.4176
2.67883
0.779541
3.49609
2.41711
2.08398
1.62402
0.316772
0.412292
4.46533
0.568848
1.01135
4.61133
5.89258
0.697754
1.16187
0.377319
3.21704
2.17944
0.359619
0.0871582
3.3252
0.257935
0.0678711
0.19397
0.386108
1.62134
3.05408
2.84204
0.144531
0.280212
0.182251
0.121765
1.08057
2.36646
3.37732
2.98889
2.80298
3.32666
1.0481
0.479492
1.08191
0.554443
1.46362
2.10986
4.56799
0.232483
2.77075
-6.64139e-05
-3.9978e-05
0.291992
-0.00207527
0.104813
0.718506
3.70715
0.311279
1.12476
4.03906
0.229034
5.63574
1.2561
8.83691
0.989258
1.14893
2.45288
0.514526
-0.00116501
0.341614
0.211475
0.150305
1.00732
0.0558014
-0.00173172
3.15576
0.0235901
0.108459
0.0287476
0.246216
0.202759
0.204102
1.34021
1.60889
-0.00107269
0.466919
2.92383
2.18262
0.165367
0.176476
0.361298
0.188232
-0.000230408
0.325684
0.148224
0.189758
0.290741
0.311798
0.0209351
0.0413513
0.303833
0.367615
0.0285034
-0.00178059
-0.000307617
1.49805
-0.000747681
-0.000471802
-0.00389374
-0.00375916
0.21167
-6.2561e-05
1.69263
0.240967
0.203766
2.29419
0.164246
0.402588
0.764893
0.207703
2.16162
3.73682
-0.000138626
0.0571289
-0.000357895
0.288879
2.98083
0.142029
-0.000418701
1.29053
-0.000135452
3.3667
0.189503
0.50647
0.290527
-0.00261902
8.98145
3.65674
1.14648
0.388794
0.267395
-0.000239868
-0.00061676
0.0762634
0.171722
0.118774
2.8988
1.24182
0.219238
0.0885925
-0.00132324
0.0397949
0.0305023
0.24292
-0.000128479
-0.00190125
0.593262
1.60498
-0.00156921
-0.00191574
-0.00317719
-0.00173523
0.129261
0.615356
0.139404
0.176254
7.4209
2.50464
6.57666
0.278336
1.17651
-0.00121155
0.758667
0.235962
0.0708008
0.2314
0.0329838
0.238953
1.125
0.0419922
0.17334
-0.000540771
0.0482178
0.0409546
-0.000390015
2.4198
0.120041
3.73828
6.46179
1.79614
0.518311
0.157959
-5.20325e-05
0.679688
0.0147705
-0.00210312
0.0146027
0.0854187
0.0916901
0.167328
0.179688
0.0158691
0.0798035
-0.00085495
0.163986
1.02429
0.027832
0.0130615
-0.00242416
-0.00346081
-0.00120911
0.327881
0.227173
0.214844
0.120193
0.159801
4.78149
0.154297
1.88086
0.0844116
6.47314
0.0706329
-0.00148087
0.024231
-0.000761719
-0.000686951
1.59302
0.524414
0.0860291
6.84668
0.294434
0.069458
0.328003
-0.000767517
0.275524
0.0297241
0.0571289
-0.0013385
0.201221
4.99146
5.37378
0.211182
0.269165
0.101524
6.51489
12.7281
0.473923
0.024231
0.023407
0.325928
0.167213
1.24292
0.0649872
0.425171
0.192642
0.0905037
0.20047
0.440674
-4.94385e-05
-0.000768738
-0.00241966
0.852539
-0.00113098
0.207214
1.14624
5.24194
2.32544
0.143036
0.14447
0.0870247
0.13784
0.107697
1.87061
0.304955
0.0797119
0.470459
1.52832
0.163574
0.0975647
4.44263
3.31592
0.107788
0.0704956
-0.000216675
2.05408
1.09753
2.72046
2.49048
2.6521
1.02185
6.84717
2.40332
-3.12519e-05
2.53223
4.02258
2.98291
-0.00175766
0.0224609
0.253632
4.46973
1.23975
7.61768
4.47949
4.86108
0.163147
0.194061
0.154114
0.0517197
0.229614
1.1051
0.0673828
0.076416
-0.00193176
-0.00129211
-0.00339569
7.92017
1.22607
2.00903
0.538452
1.71387
0.142036
-0.000986633
0.201721
0.149292
-0.000564728
-0.0017754
-0.00168411
-5.47028e-05
0.0611877
0.213539
0.167304
0.132996
-0.000812988
0.00643921
0.388184
-0.000292473
0.0415039
-0.00106949
2.15015
-0.000581818
0.831055
6.42725
0.220337
-0.00172913
-0.00139648
-0.00118774
-0.00219818
0.0534668
-0.00145386
-0.00138031
2.17407
4.25818
-0.00109558
3.24316
0.400513
0.239062
0.0355453
0.158508
0.34082
4.59387
0.34668
0.179626
0.207031
0.0322876
-0.00303833
-0.00421204
3.70898
0.328613
4.88184
0.113464
0.114269
0.000488281
-0.000381107
0.0835342
0.165009
0.102829
-0.00233063
3.75171
2.82849
0.157455
0.723877
0.246361
0.192871
-0.000383301
-0.00244583
-0.000148315
3.34717
2.88086
8.54834
-0.00321075
-0.0012439
1.65088
3.70544
2.26965
-0.000781899
2.10718
3.40283
0.541016
4.92822
3.94348
4.18848
1.31091
-0.00255417
-0.0009552
-0.00173462
0.281738
0.101685
-0.00109222
1.75378
1.94678
0.148438
0.311523
-0.000994263
0.262695
1.01367
-0.000328369
-0.00404718
-0.00190613
17.5978
0.0558472
12.2782
-3.66211e-05
4.00854
2.7207
0.725098
3.771
4.75635
0.0554199
-0.00340332
4.02661
4.20166
0.0623016
7.07312
3.77808
1.01282
1.76367
0.00170898
0.071434
0.203842
2.86377
7.5127
0.199829
4.40503
6.05884
3.45947
-0.000286255
0.775879
4.08179
1.01221
0.0993652
-0.00195801
-8.54492e-05
0.81543
1.89429
0.950195
2.95312
3.30371
2.9082
-8.83484e-05
3.65112
4.59912
3.80908
0.0325813
-0.00336456
-0.00213806
0.933105
2.20752
-0.000494385
-0.00342664
-0.00279701
-0.00181091
0.317322
0.00238037
0.392258
0.280785
6.63086
5.49536
1.45825
0.37085
2.64062
0.526367
0.0196304
0.0333405
0.169334
3.14014
0.0802002
0.161774
-0.000231323
-0.0013916
0.715698
4.06836
-0.002686
0.0966034
-0.00251831
2.5791
-0.00224518
0.472168
0.0289192
6.14844
0.285645
-0.000373154
2.06787
3.56885
3.84521
1.71582
0.428223
0.226074
-0.00185425
-0.00149658
5.75537
-0.00176178
2.77539
-0.000738296
-0.00406067
-0.000527802
0.162598
-0.000427734
0.516113
0.379028
-0.00116638
-0.00263214
-0.00227001
-0.00307762
0.123199
0.190746
2.198
1.8833
1.05615
0.316284
3.41772
3.62341
0.389648
0.0067749
-0.00210327
-0.001073
3.48975
3.03613
1.27734
0.163429
4.62549
-0.00150635
4.01904
3.98633
2.74268
-0.00425079
5.7832
2.1582
0.0262146
-0.00556183
2.61816
9.13818
-0.00155334
0.221924
1.02124
0.752686
-0.00083374
-9.27734e-05
0.616211
-0.000669737
0.467285
-0.00400879
0.188232
3.31445
5.48047
4.28662
4.81836
8.55518
6.1145
1.40869
0.300049
1.18701
-0.00282349
-0.00199219
-0.00270959
-0.00424805
-0.0013385
5.22754
2.65674
1.53052
2.29089
2.43848
2.49854
0.342285
3.08374
1.95752
2.48535
0.0581055
2.67822
0.448242
3.29236
6.13647
2.67212
3.375
1.21216
0.119507
0.390137
4.12891
0.26123
-0.00134399
0.195648
0.255371
2.96814
0.0158081
-0.00299255
1.50586
0.441162
0.498169
0.130163
-0.000509281
0.0176392
0.381348
2.15137
0.581055
-0.0036919
-0.00423935
-0.00379395
1.66968
2.81396
0.118408
2.09131
-0.00127808
0.13678
2.00024
-0.00478332
-0.00187744
-0.00125977
2.14502
0.726562
-0.00165817
0.0384521
-0.00232079
-0.00272064
-0.00113144
-0.00149216
0.180542
-0.0011702
-0.000744858
-0.00302185
0.0443726
-0.00274475
0.92334
0.228149
-0.000221329
0.0350342
-0.0012854
-0.00127136
1.09399
-0.000594482
-0.000529785
0.177246
-0.00336502
-0.00581787
-0.00501038
-0.000673828
-0.00362793
-0.00658264
0.431641
1.1394
6.08691
0.181152
-0.00204346
-0.00114929
-0.000863771
-0.00306885
-0.00171005
1.72607
1.07739
-0.00215809
1.08545
4.09277
-0.00203131
0.584229
2.31445
0.0414429
0.243835
-0.00479874
-0.00105682
-0.00153759
2.72656
-0.00196178
0.0319366
-0.0020163
-0.00268219
-0.000797882
0.441162
0.0174255
-0.000901489
-0.0026651
-0.00296738
-0.00118042
0.150223
-0.00274902
2.81641
-0.000176024
0.0506821
-0.000310547
-7.87353e-05
0.0732536
-0.00111191
-0.00102859
-0.000397215
1.2063
1.87573
1.93262
4.6582
0.913574
-0.00172729
-0.00241776
-0.000177917
4.77734
-0.000994568
-0.0041806
-0.00359909
-0.00220909
-0.00245117
-0.00364159
-0.00497986
4.80029
2.92993
0.138916
1.56055
-0.00402222
0.260201
1.56958
-0.000756836
0.057312
0.182739
0.102051
-0.00026947
-0.00311668
2.21973
0.850586
-0.00374472
0.505859
-0.000919189
0.0608521
0.376038
0.416626
-0.00136078
0.135925
-0.00295166
1.229
1.73206
-0.00620838
3.11597
-0.000214844
0.0336304
-0.000694427
-9.86481e-05
0.00175858
0.0664673
-0.00301086
-0.00152222
0.0205383
0.299561
0.272278
0.192871
0.0100708
1.55652
3.06152
0.523926
0.763184
-0.00107079
0.601562
0.379639
0.247803
0.0555878
-0.000988769
-0.00045227
0.100647
3.03455
-0.00057373
-0.000175781
-0.00470337
-0.00118652
1.36426
-0.00285065
0.109741
0.173157
-3.84521e-05
-0.000615234
-0.00272791
0.0350342
-0.00238892
2.38867
-0.0023967
-0.000175552
-0.00383697
0.393066
0.0600204
2.58643
6.51074
5.78394
0.0906982
0.170216
-0.00175659
3.08496
2.01257
0.0147953
0.254395
0.069519
-0.000663757
-0.000323639
-0.00232712
-0.00217579
-0.0025946
-0.00240979
0.380005
0.0790024
-0.000123177
0.241028
0.234364
0.0461426
0.0702515
0.128944
0.314941
0.414551
3.40881
2.56836
1.96631
1.44629
2.99316
0.636719
0.0158691
-0.00130493
-0.0016687
-0.000953674
1.17969
-0.00229416
-0.0002948
0.0638123
0.124023
-0.000951538
-0.00224731
0.473145
-0.00179565
-0.000803223
-0.00111109
-0.00378708
1.09131
-0.00285889
1.55859
0.473694
0.199341
-0.00249413
0.27417
-0.00108932
-0.00123398
1.11169
3.1438
-0.0011644
-0.00124878
0.0606079
0.0171509
0.0426025
-0.00151588
-0.0028804
-0.00397827
-0.00322021
0.325928
-0.00069313
0.00674438
0.112808
0.0278168
0.0624847
0.0864716
0.0394173
-0.000197268
0.819824
1.19971
0.197166
0.124866
0.227112
0.358765
-0.000334473
-0.000662231
0.0320311
-0.000118408
-0.000105133
2.177
-0.00152344
-1.52588e-05
0.133667
0.27478
-0.00208649
-0.00142212
-0.000847168
-0.00401855
-0.00250774
2.70654
-0.00181885
0.221191
-0.00451538
-4.63867e-05
0.493164
-0.00521903
0.669922
-0.00315674
2.84082
3.80103
1.45581
0.406006
0.0124512
-0.00101074
-0.000149956
-0.000935001
-0.00104202
-0.00344751
-0.003685
-0.00287231
-0.001866
0.102051
-0.000898437
-0.000894623
0.00316167
-0.00118996
0.0531616
-0.00071167
-0.00175827
-0.00234863
0.724365
-0.000457916
-0.000508575
0.129761
0.0731506
0.074295
-0.000479965
-0.00165039
0.0843506
0.0931396
-0.000566406
0.00378418
-0.000982361
-0.000725708
0.559937
0.291565
-0.00402344
-0.00240845
-0.00275726
-0.00191833
-0.00135254
1.24561
-0.00466089
0.0939941
-0.00368088
-0.00885712
-0.00742676
-0.00736664
-0.00348877
-0.00624573
5.46484
0.0296631
-0.000212402
-0.00146118
0.0446014
-0.0010907
-0.00219162
-0.00257484
-0.0025206
5.2041
1.06055
10.8635
-0.000922394
0.297607
-0.000657959
-0.00219238
-0.000279846
-0.00149902
-0.000427732
0.0926208
-0.000502443
-0.00142016
-0.00251633
-0.00107044
0.0224609
-0.000600967
0.0052948
0.136276
0.0318604
-0.000828629
-0.00223366
-0.00222363
-0.0013562
-0.000649414
-0.0011692
-0.00069397
0.357056
0.0991974
-0.00241168
0.112194
-0.000794983
1.99805
-0.00185303
-0.00265137
0.296387
-0.00439014
-0.00450781
-0.00710144
-0.00892334
1.93066
0.679688
-0.00577332
10.5488
-0.00252625
-0.00408081
-0.00128662
-0.000288544
-0.000125332
0.0140076
0.169388
0.321045
-0.000938721
-0.00327545
2.10791
-0.000151367
-0.00407558
-0.00123291
-0.00386948
-0.00287712
-0.0021875
-0.00373632
-0.00319122
-0.00157104
0.28125
-0.00321436
-0.000845947
0.0891113
0.0825195
-0.000271606
-5.47504e-05
0.139526
0.00927734
0.102417
-0.00181602
0.179688
-0.000441895
-0.000125885
0.046814
0.123371
-0.00017395
-0.00115448
-0.00147461
-0.00142792
0.0144043
-0.00443504
-0.00382523
-0.0029158
-0.00259354
-0.000632782
-0.000730171
-0.00336655
-0.00415756
-0.00288635
0.833008
0.405762
0.456141
0.0258331
-0.000365725
0.328003
0.628906
0.898193
1.4425
1.47217
-0.00285595
0.00341797
5.56348
6.6781
-0.000456543
0.195129
0.117004
0.202271
0.237305
0.300659
0.280273
0.371338
0.272217
0.367798
0.313965
0.117432
0.134033
0.0703735
-0.000223389
-0.00128723
0.177002
-0.00325882
-0.00452362
-0.00627243
-0.00236084
-0.000147209
0.148315
0.0648346
-0.00144989
-0.00316254
0.353516
1.11914
1.94824
0.179688
-0.000256348
-0.00125977
0.182617
0.852051
-5.73158e-05
-0.00133105
-0.00073267
-0.00456009
-0.0027793
-0.00153198
0.369781
3.07422
4.54199
1.63867
0.252838
0.0653992
0.0988159
0.0117188
-0.00151123
4.41211
0.36377
9.13464
0.927246
-0.000157471
-0.00124878
-0.000699158
-0.00016571
0.106285
0.143166
0.0745544
0.0291443
0.0843506
0.0295105
0.0306778
0.0105209
0.0256443
0.0891724
0.173096
0.119995
-0.000165157
-0.00198364
-0.00317825
-0.00400612
0.0496464
0.187195
2.57727
1.38916
1.84863
1.69971
3.62207
1.86194
0.149292
0.24939
0.38147
1.46106
1.04199
0.24971
1.05103
2.31616
4.08789
1.05444
0.179642
2.44336
0.528076
0.503082
-0.000288696
3.07812
0.640137
-0.00072876
-0.00203979
-0.00158386
4.67432
0.212585
0.176562
0.789795
-0.00191559
-0.00141312
0.258423
0.164917
-0.000609436
-0.000932617
1.14111
0.744141
-0.000716095
-0.000945072
-0.000613832
-0.00102493
-0.00161133
-0.00169983
-0.00227423
0.532227
0.682129
0.126465
-0.00263367
1.29736
-0.00244629
0.102524
3.62036
1.7041
2.38184
1.34131
1.00879
0.152349
2.4856
2.45752
2.50269
1.69287
0.404205
4.33716
0.230103
-0.000272217
0.074707
0.432129
0.303955
0.234253
0.102234
0.376221
0.267761
0.46228
0.931885
1.5127
0.810547
0.387085
5.41992
0.346588
0.120422
4.13208
3.29443
1.1759
0.46106
2.24561
2.56689
0.219238
0.565186
0.154785
-0.000136719
-0.00113355
0.0126953
-0.00116712
-0.00183496
-0.00134277
0.0301514
0.0526123
0.0108643
1.25879
3.34912
0.837158
1.64941
0.845459
1.5144
0.343323
0.416748
0.212891
1.22681
2.58496
1.87891
1.86328
1.37891
0.176025
2.1781
0.0358734
1.41846
0.0270996
2.85303
0.45459
0.0644531
0.170288
5.90771
2.75439
1.11414
0.0906982
2.30078
2.35095
1.43555
3.40332
2.67773
0.277313
0.0734634
6.41992
-0.00125988
0.108444
0.697144
0.355957
0.335693
2.28174
0.194092
0.223999
1.66895
2.22144
2.66797
2.5498
2.77881
2.80322
2.27734
0.937744
1.03027
1.09619
2.60156
2.02344
0.318848
4.91797
0.239746
1.26318
1.83838
1.83154
2.12207
2.67798
2.26538
1.73682
1.40918
0.700684
1.01111
0.0976562
2.19995
1.22363
0.838379
0.795898
0.145081
1.65186
1.30103
-0.000105438
0.500244
0.673828
1.08789
1.75293
1.58301
5.71216
0.0309324
0.101086
2.26624
0.244263
6.37891
-0.00290385
1.47656
1.29541
1.35352
0.0365963
2.50024
-0.00275879
1.85791
2.27441
2.83936
2.98389
2.59729
2.00903
2.41064
2.5022
2.14392
1.88501
0.162231
0.453125
2.0332
3.39648
0.837158
1.32129
1.92505
1.62695
1.41406
2.18335
1.64941
1.72632
0.551025
1.83325
0.286621
1.49268
2.67627
1.85547
0.197998
0.404175
0.110275
0.169067
1.354
2.94043
1.39966
-0.00296436
0.208008
1.45032
-0.000235519
7.66089
0.315521
2.31055
0.33844
-0.00190094
6.3833
0.56958
1.578
2.36255
2.44043
1.85547
2.375
0.623047
0.43457
2.97729
2.77246
1.672
1.85327
2.36682
2.18079
2.13013
2.03442
1.87451
1.52832
0.010376
0.00561523
0.677979
0.424194
1.53003
2.09375
1.81152
1.60986
2.80933
1.30176
2.07471
0.858398
1.18555
1.19141
1.82227
2.18164
1.15479
0.28418
0.653564
0.0274048
0.481934
0.271973
0.282104
0.326553
3.66577
-0.00153931
0.639648
-0.00423485
7.8418
0.264099
2.47852
0.496338
-0.00290363
-0.000510254
5.84082
-0.00190636
1.99756
2.6051
1.15442
0.290855
1.81689
-0.00479566
0.45874
0.559326
1.86621
1.94678
1.98999
2.15881
2.11133
1.77026
1.96069
2.06348
2.35645
1.73242
1.62769
0.843262
1.95312
2.51758
2.22949
1.64893
2.42114
0.802979
1.42334
1.07324
0.312988
0.538574
2.77612
2.66309
0.138672
0.338867
2.12244
0.188477
0.25853
-0.00108887
0.0114594
0.286255
0.425659
0.3125
-0.0031897
-0.00168457
4.13538
0.206787
0.132225
0.140686
0.489746
-0.00267029
7.71899
-0.000652847
1.68042
2.3894
2.17041
0.0606079
1.0415
-0.00403687
2.0166
1.47046
1.57422
1.77612
1.61719
1.74414
1.78271
2.34668
2.93164
2.10059
1.77881
1.98047
1.75037
0.605225
1.88965
1.67188
1.67334
1.42725
2.30762
1.39648
1.43701
2.06641
1.52734
1.63721
2.67188
0.165539
0.190308
0.273071
0.472046
0.050087
-0.000412712
-0.0024585
-0.00071167
-0.00259888
0.0287018
2.64795
10.9561
0.651611
0.953125
0.172241
0.219971
2.1377
4.05322
1.17676
0.338135
0.355774
1.4624
0.863525
1.57666
1.85986
1.52515
0.0452881
1.29773
2.41724
2.81055
3.26672
2.93311
3.01111
2.7395
2.52197
1.78394
2.41748
1.7002
1.24146
1.92554
0.484375
1.0686
1.39819
1.59253
1.99097
2.46021
2.95557
0.878662
1.91028
1.47852
1.16211
0.214478
0.105884
0.0294075
-0.000772095
-0.000369625
-0.00322418
-0.000625687
-0.00150917
-0.000380249
0.171387
1.18408
-0.00235077
0.0623779
8.7251
-0.000687714
2.5332
5.57446
1.61401
0.0985718
3.47046
1.87598
0.375488
0.32666
1.22876
1.97021
0.164062
0.71814
1.22217
1.77197
2.41479
2.72424
2.29663
2.0199
2.08398
1.92407
1.56665
1.4873
1.96582
2.49316
1.42236
1.93311
0.918945
0.806641
1.61768
0.651855
1.53076
0.959961
2.40332
0.544434
1.5481
0.347168
1.00806
0.129883
-0.000352173
2.76807
0.0686035
-0.000780272
-0.00072998
-0.0010083
0.0505371
0.794434
0.740723
-0.00272621
1.13672
-0.00190979
-0.00495422
0.256958
1.7522
0.0282898
0.135803
0.140778
0.0457916
-0.000858459
-0.000143204
1.19727
2.01611
0.97998
0.826416
1.25903
0.321289
0.887207
1.92822
2.604
2.08594
2.16455
2.11621
1.91187
1.56445
2.33643
1.51953
1.95459
1.37744
2.60254
0.337402
1.98499
2.42993
2.40381
2.18481
0.864258
2.75439
1.96484
1.35571
0.223633
-0.00145004
0.209534
0.237671
0.170141
0.184143
0.143677
-0.000665894
-0.00142395
5.3916
2.50635
-0.00258911
-0.00465118
0.851074
0.177734
0.169189
-0.00452637
-0.00197433
0.32959
0.239136
1.34521
1.24341
0.539429
0.361084
-0.000833588
-0.000543213
0.824219
0.827881
0.400879
0.079834
0.635742
2.43164
1.34326
1.42151
1.97949
2.06836
2.302
2.87549
2.6853
2.03027
2.06445
1.1582
2.61157
0.953613
1.73828
1.97607
2.01318
1.20044
1.39062
3.73145
0.275879
0.24614
0.740234
-0.000692139
-0.000762329
0.147949
0.160156
1.78003
0.20929
0.343994
0.785156
1.28186
0.336304
0.190308
0.842896
0.203125
2.17676
0.369629
1.38818
2.44043
0.307373
2.45911
-0.000308838
-0.00229004
1
0.920898
0.533691
1.3623
0.641602
1.51611
0.577148
-0.00379383
1.479
1.69482
1.80908
1.99414
1.76099
2.03711
2.06299
1.83472
1.8457
2.23877
2.36133
0.793457
3.21997
0.52478
1.0116
0.836182
0.998779
1.28125
1.38037
1.28528
-0.00238258
-0.00441605
-0.00448463
-0.00348962
-0.00052124
0.027832
0.195282
0.669434
2.36084
0.133606
0.366333
0.206993
0.0765381
0.299072
1.55579
-0.000632935
-0.00139038
-0.00188477
0.11372
0.555664
2.0835
1.23975
0.562256
0.0393066
-0.000981445
0.0645027
0.874023
0.36615
1.83716
0.542236
1.55542
0.214233
2.3855
2.24854
2.96057
2.948
2.81506
3.19788
2.86987
2.89014
1.31042
2.28345
2.28125
1.5918
2.11768
0.47876
1.60144
1.41235
0.338928
0.259338
-0.00040329
0.130267
0.091877
0.0865936
0.367676
-0.00117462
0.0274658
0.209961
0.300537
0.145081
1.01782
-0.000722198
0.131592
0.495605
0.125
0.032959
0.134521
-0.00102539
-0.000285645
0.0837402
-0.00284668
0.0205574
0.0720215
-0.00195389
0.11084
0.0726433
-0.00159386
-0.00182617
1.18091
0.996338
1.16504
-0.00168129
-0.000461426
0.0380859
0.0463867
0.181702
0.284546
0.173828
0.533447
0.977173
0.888428
0.44519
0.544312
2.21899
1.04883
0.879639
0.56958
1.41846
0.453491
-0.000256348
0.00732422
-0.00155273
-0.00172363
0.251953
0.180176
0.0761232
-7.93457e-05
0.165894
0.364868
0.295532
0.0920181
0.132545
0.0730743
0.00836182
1.57715
0.670898
-0.000962524
0.0383301
0.21056
0.0456848
-0.00155678
4.17163
-0.00426819
-0.00141617
-0.00318192
-0.00650879
-0.00437622
0.00340271
0.248791
1.1228
2.17383
-8.66699e-05
-0.00110168
0.681885
0.18042
0.0759277
-0.000701904
0.14209
1.26721
0.11499
0.500488
1.1731
1.05469
0.18335
-0.00266455
1.2832
0.502441
0.416504
1.44873
0.198242
0.141968
0.0276184
0.0656624
0.170532
0.285828
-0.000155029
0.0935059
0.066391
0.0417725
0.203903
0.265472
-1.19781e-05
0.684326
1.91687
1.05396
0.181885
0.65332
0.708496
0.378662
-0.00107666
0.00869751
0.139771
-0.00224731
-0.0025293
0.0391846
-0.00179047
-0.00390701
-0.00367187
-0.00562012
-0.00363525
-0.00149216
-0.00200516
-0.00115906
-0.00212585
1.16919
-0.00124207
-0.000419464
-0.000484505
0.0667725
0.0148315
0.276794
-0.00381714
0.0101204
0.183167
0.126511
0.581543
1.33301
-0.00265381
0.12561
1.47937
2.0835
0.0427856
-0.00154377
-0.000733643
-0.00143579
0.326416
-0.000836182
-0.00189148
-0.00116444
0.0387268
0.0735359
0.155762
-0.00164007
1.17773
0.684082
0.601685
2.00171
0.137573
-0.00200684
1.58521
3.24463
0.0436096
-0.000429916
-0.00203636
-0.00281265
-0.00262939
-0.000466919
0.124451
0.0120239
-0.000770988
-0.00163769
0.0385742
2.15381
1.71582
1.5022
3.07324
-0.000321045
-0.002724
-0.00123169
0.0010376
0.0897827
0.123535
-0.00108612
-0.00489075
-0.00218958
-0.000715942
0.614014
-0.000907593
-0.00442119
-0.00944336
-0.00263397
0.526611
0.290527
-0.000585937
-0.000463257
-0.00195007
0.059082
-0.00158875
-0.00163662
-0.000843811
-0.000465088
0.132446
0.00366211
0.0432358
-0.000184631
0.19923
0.399147
0.790283
-0.00095459
0.174316
-0.00299927
0.990234
-0.00130615
0.261353
-0.000112
0.577759
0.255615
-0.00160126
-0.000375977
0.0703735
-0.00142517
0.130981
0.155273
0.577393
1.0022
0.0974121
0.104858
0.1828
-0.00135452
-0.0012854
0.00934601
0.12262
-0.000615616
-0.000567627
-0.00138428
-0.00213989
-0.00238434
-0.00136029
0.10498
-0.000330811
-0.00231873
1.44092
1.01343
0.563477
1.2666
0.0784912
-0.00204662
-0.00272583
-2.68555e-05
-0.00111938
-0.00112457
-0.00192266
0.0998535
0.00133133
0.0441513
0.183296
0.148926
0.186529
0.52478
1.04211
-0.000782356
0.242676
-0.00164719
-0.00756981
-0.00116455
-0.00226868
-0.000807419
0.343506
0.0818481
-0.000871887
-0.000657043
0.26123
-0.00346125
0.00836182
0.275146
0.00604248
0.185059
-0.00229965
-0.00104248
-0.00021759
-0.00200432
0.0341797
-0.00116741
-0.00165062
-9.15527e-06
-0.000431633
-0.00168316
-0.000240173
-0.00464722
-0.00177357
0.118896
0.0766602
-0.00180506
-0.000419312
-0.00476099
0.341431
3.30225
-0.000330811
0.0439453
0.599609
-0.000269775
-0.00195618
-0.00017128
0.586426
0.178833
-0.000609627
-0.00169159
0.234497
0.0517454
0.353943
0.783691
0.203384
0.277832
-0.000114746
0.0585938
-0.000513916
1.82373
2.37793
-0.00114105
-0.00281494
-0.000647736
0.0528564
0.0814209
-0.00139282
-0.00236084
-0.000727539
-0.000399109
-0.000725212
0.227539
-0.00305733
0.050293
0.0822144
-0.00166931
0.0118408
-0.00305504
-0.000471191
0.11438
-0.000367317
-0.00190351
-0.000482292
-0.00453735
-0.00154099
-0.000865364
0.950684
0.362305
-0.00330566
0.632812
0.00689697
2.19434
-0.000545654
0.479004
0.0244141
-0.00026123
-0.00188037
-0.00208405
-0.00148437
-0.00158569
-0.00199135
-0.00276871
0.09552
0.00683594
1.19653
2.25537
2.48657
0.293335
-0.000536652
0.156372
-0.000393829
-0.00355774
0.148193
-0.000872803
-0.00140991
0.031189
-0.00109039
-0.00080883
-0.00142193
-0.00134693
-0.000751095
-6.10924e-05
-0.000381622
-0.00187994
-0.00382812
-0.000530395
-0.00056385
-0.00228809
-0.00122936
-0.00523499
-0.00185669
0.0322876
-0.00140137
-0.000864258
-0.00214432
-0.00124634
-0.00261902
-0.00150379
-0.000726929
-0.00217644
1.05859
0.279785
0.32959
0.932739
1.07422
0.234619
-0.00141724
-0.00263489
0.032402
0.130615
-0.00168457
-0.00156128
-0.00154205
-0.00118896
0.199295
0.0593262
2.24121
0.135033
0.504517
1.35803
3.25708
2.04749
0.642578
-0.00401855
-0.000366211
-0.0029541
-0.00207741
-0.000786896
-0.00149511
-0.00140087
-0.00190201
-0.000607967
-0.000357552
-0.000550919
-0.00115845
-0.00298682
-0.00367432
-0.00028595
-0.00108864
-0.001567
-0.00124001
-0.00442238
-0.00102684
-0.00146889
0.0109863
-0.000464478
-0.00151604
-0.00105305
-0.00488388
-0.00233391
-0.00128864
-0.00370163
-0.00219269
-0.00614563
-0.000320435
0.548828
0.540771
-0.000469971
-0.000605469
-0.00126434
-0.00234009
-0.00210144
-0.00198524
-0.000938292
-0.000155945
1.43945
1.46631
1.2583
1.27661
1.64795
3.81909
0.135132
0.675537
0.228271
-0.00165472
-0.000749512
-0.00115955
0.0144958
0.00228119
0.0110855
-0.000275755
-0.00117508
-0.00169764
-0.000656624
0.030859
-0.000705566
-0.00116928
-0.00220764
-0.00396343
-0.0012162
-0.00256309
-0.00200928
-0.00184853
-0.00297508
0.0487671
-0.00198776
0.00496864
-0.00151878
-0.000330811
-0.000430374
-0.004646
-0.000942268
-0.000643845
0.407227
-0.00405128
0.200195
-2.2583e-05
0.640869
0.0474854
-0.000182905
-0.00162231
0.0475235
-0.0023587
-0.00143127
-0.000960388
-0.0017113
1.28784
0.263489
-0.0034724
5.17285
1.68713
0.387207
-0.00179092
-2.76184e-05
-0.00147011
-0.000108643
-0.00364624
0.127625
-0.000476074
-4.15039e-05
0.0130558
-0.000573788
-0.000883427
-0.00139137
0.00671387
-0.000953598
-0.000668182
-0.000263672
-0.000910149
-0.00193981
-0.00440956
-0.00214859
-0.00230209
-0.000231934
-4.96674e-05
-0.00173134
0.00614929
-0.00241249
-0.0010717
-0.00373627
-0.00106775
-0.00125351
-0.00158325
-0.00270485
-0.00167381
-0.000307128
-0.00478613
-0.00271606
-0.00102051
0.506348
0.0791016
-0.00010437
0.0474072
-0.00102356
-0.000922318
-0.00188622
-0.00163109
-0.00154547
-0.00193592
0.0241203
-0.00313965
-7.09534e-06
0.653809
0.796997
-0.000367432
0.216187
0.114944
0.140472
-0.00067337
0.220337
-0.000222778
-0.000674667
-0.00147011
-0.0015205
-0.00176685
-0.000818024
-0.000831299
0.041626
-0.00131142
-0.000961666
-0.00191795
-0.00288879
-0.00448597
-0.00144695
-0.00146805
0.0362549
-0.00110535
-0.00020874
0.0441437
-0.0017218
-0.00155151
-0.00221291
-0.000351181
-0.0019458
-0.000219727
-0.00464684
-0.00226654
-0.00146198
0.257324
-0.00139526
-0.000550232
0.54834
0.445312
-0.00223999
0.0179081
-0.00157745
-0.00091835
-0.0016795
-0.00304588
0.280762
-0.00270885
-0.0011866
-0.001563
-0.00319778
-0.00100235
-0.0022934
-0.00263519
0.151611
0.0157471
-0.00182968
2.67993
0.0392456
-7.38525e-05
-0.000753288
-0.00169006
-0.00171637
-0.00046936
-0.00113113
-0.00151037
0.0617485
-0.00033287
-0.000789242
-0.00170141
-0.00201683
-0.00196083
-0.000830879
-0.00185898
0.0545654
-0.00197754
-0.000365219
-0.000913315
-0.00161036
-0.00172958
-0.000938492
-0.000168457
-0.00231567
-0.00102734
-0.00425043
-0.00104206
-0.000707169
0.111084
0.0821533
-0.00109997
0.3396
-0.000132446
-0.000792694
-0.00158875
-7.21741e-05
-0.00147583
-0.00187927
-0.00185486
-0.000872803
-0.00137756
-0.00253098
-0.00212189
-0.00265442
-0.00453827
-0.001875
-0.00336426
-0.00045517
0.795654
1.54785
0.121826
-0.00124771
-0.000509644
-0.000710564
-0.00179012
-0.000240326
0.111816
0.0074234
-0.000231934
0.00418854
-0.000687504
-0.000882797
-0.00157593
-0.0010231
-0.00105518
-0.000636292
-0.00225159
-0.00161865
-0.00439186
-0.0014386
-0.00130701
-0.000304565
-0.00145996
0.0214729
-0.000599365
-0.0013324
-0.00067276
-0.00145752
-0.00186035
-0.00219788
0.027771
-0.000700073
-0.000970268
0.583984
0.752441
-0.0015155
-0.00280571
-0.00282059
-0.00250023
-0.00310951
-0.00206223
-0.000403213
-0.000421982
-0.00178635
-0.00204834
-0.00102295
1.05176
1.01562
1.32227
0.172852
0.764648
-0.000525026
-0.00122681
-0.00178478
-0.00109814
-0.000200424
-0.00138
-0.000724976
-0.00100708
-0.00173412
-0.00112595
-0.000633163
-0.00162636
-0.000526276
-0.000630493
-0.000552311
-0.00179825
-1.15967e-05
-0.0024408
-0.00233253
-0.00302979
-0.000980988
-0.00214844
-0.00070343
-0.00269459
-0.000999389
-0.00130127
-1.34277e-05
-0.000275955
-0.000861328
-0.00323563
-0.00198389
-0.000329895
-0.00146057
-0.00136261
0.453857
0.314575
-0.000838623
-0.00105383
-0.00287647
-0.00272034
-0.00301765
-0.00173134
-0.00126465
-0.0012923
-0.00152977
-0.00156055
-0.00192505
-0.000481567
0.0386963
0.100708
0.942871
0.0358887
0.0149078
-0.00148178
-0.00256859
-0.00142975
-0.00213341
-0.00190193
-0.00133739
-0.000789413
-0.00104797
-0.00156784
-0.000887299
-0.00173462
-0.00164143
-0.00306084
-0.0012558
-0.00273212
-0.00094162
-0.00277161
-0.00316727
0.0996094
-0.000678558
-0.002742
-0.00141472
-0.00289734
-0.000969391
-0.000939331
-0.000713501
-0.00245167
-0.00116013
-0.000629883
-0.00193542
-0.00188812
-0.00184155
-0.00164673
0.251831
0.412109
0.415527
-0.000288086
1.396
0.45166
1.29688
0.479004
1.35156
0.864746
1.30469
0.959473
0.875488
0.606445
0.681641
-0.000314941
1.23877
0.0234375
1.17969
1.15186
1.16553
0.462402
0.927734
0.217285
0.618164
1.1123
1.15332
1.62451
2.04004
1.52393
0.447266
1.94824
1.07617
1.77148
0.513672
1.27246
-0.000832519
0.86377
1.12891
1.10156
0.765137
0.549805
0.751953
1.36768
0.87207
0.534668
0.375
0.270996
0.397461
0.254639
0.381348
0.230469
2.43884
3.82422
-0.00817383
5.12891
1.81836
1.52148
3.85742
3.80762
8.16797
0.151367
2.48633
4.92285
0.962891
0.0722656
4.69531
5.03516
1.98438
3.95898
3.97461
2.9082
0.46875
1.04883
-0.000917969
5.5625
5.22363
2.69727
5.29297
4.71289
3.0293
2.59375
2.73438
4.78418
1.69922
1.63281
5.2373
3.7832
1.95312
1.4043
0.447266
4.0918
2.19727
2.14258
2.88867
-0.00339844
3.85156
1.32812
1.36035
1.45117
1.70898
2.32617
6.76758
-0.0111035
4.41016
2.58691
0.240234
1.25809
0.0585938
1.88574
2.14307
1.8501
-0.00191406
5.54102
3.58105
3.25195
3.86426
-0.00498047
7.34961
0.355469
3.84082
2.3125
2.39648
2.09131
1.49805
3.41992
1.60156
0.0513916
4.18262
4.00684
6.40723
2.09961
3.06641
3.14648
3.49658
-0.00458984
1.3125
-0.00439453
4.74512
3.37793
0.644531
5.83594
6.90723
-0.00722656
1.87695
0.229492
2.22461
1.5625
3.57227
1.76074
2.8125
3.7832
4.73145
-0.0148437
-0.0153027
2.05664
1.57715
2.41211
1.69336
0.810013
1.33398
6.13086
-0.0121582
-0.0238281
-0.00213501
1.74023
0.597656
2.45996
-0.00545898
6.69141
1.09961
1.38086
0.49707
6.93848
1.9873
4.06055
5.47559
-0.00274414
2.44873
1.73682
2.89844
1.51221
2.3584
2.17578
2.93164
0.775391
6.41406
4.69141
1.50928
-0.00124023
0.164062
5.2041
3.74512
-0.00706299
1.67871
5.91016
3.14844
0.0996094
0.53125
1.89258
0.0791016
3.94727
0.787109
0.921875
0.0878906
-0.00796143
0.0443878
4.0293
3.40723
3.07715
3.56836
0.651917
-0.0168652
2.35059
3.20312
1.1543
4.13672
3.125
4.09668
5.17969
0.826172
4.48145
-0.0217175
6.94531
6.6875
-0.0160791
2.2959
-0.00596436
2.70654
1.23438
2.41406
0.667969
3.32422
1.53809
0.320312
2.64355
2.56641
6.59033
1.34863
0.956055
3.30859
0.964844
-3.90625e-05
4.74805
-0.0202707
3.01855
0.131836
4.53613
6.03516
4.29883
2.57031
1.55273
1.60791
0.674805
5.68359
0.945312
1.73828
1.62695
3.27734
1.68164
3.32227
3.33008
3.32422
-0.0145122
-0.0198926
3.15527
3.24219
-0.00651367
3.88477
1.97266
0.15625
1.75586
-0.00298828
-0.0133887
-0.0324341
5.12695
-0.0127344
0.874023
3.80664
1.2627
1.92969
1.42285
2.26367
-0.00748047
4.90527
5.70703
2.1748
2.64551
5.28467
3.26953
0.95459
3.60156
2.03711
7.23047
1.70508
2.99561
1.88965
4.76562
1.33008
3.9707
4.83252
7.67578
2.82227
2.11523
3.63184
2.52734
4.87305
1.49414
1.31885
3.47266
2.02441
0.974609
3.6582
2.73828
1.71875
-0.00368164
-0.00715332
2.5957
5.40625
-0.0143018
2.7832
1.31934
-0.015981
4.72754
0.28418
0.283203
0.238281
1.69531
1.56934
3.34863
1.57031
6.40332
3.96094
3.94238
4.30469
6.3418
3.8418
3.19531
-0.0055957
2.49609
2.05957
3.30078
-0.0150195
3.17188
-0.00642578
1.37695
-0.0226544
3.27734
0.475586
2.54932
-0.0109375
0.357422
-0.0284326
3.25488
3.86914
3.24219
3.33203
2.61816
2.39258
-0.000981445
3.68066
4.96826
2.52148
2.5293
4.07227
4.66406
2.97949
1.81641
-0.00297119
0.4375
1.78979
5.19922
3.12549
1.59961
5.50488
2.51465
4.50781
5.08008
3.53125
-0.000175781
1.57324
0.285156
3.1709
3.65625
3.1792
4.04395
1.09033
5.84668
4.82275
3.6582
2.74902
5.30664
4.83887
1.02832
-0.00688232
4.72852
2.60352
-0.00503906
0.154053
-0.0142383
-0.0213123
2.74805
4.1875
1.97119
-0.00526855
3.25977
4.79883
2.91992
0.744141
0.404297
0.670334
3.875
2.75391
-0.00130859
8.72461
3.89844
3.15039
5.14941
1.47852
0.304688
-0.00473145
0.368164
0.315582
5.00146
1.39453
2.40869
-0.00851807
4.33105
-0.000261841
0.0429688
0.958984
-0.0267383
2.85742
6.25244
2.23877
8.10596
0.0722656
0.958984
1.44922
5.24756
3.61133
2.7041
4.56982
7.25977
-0.0286316
0.364258
4.00488
3.21875
-0.0179785
0.922363
11.7969
3.31543
-0.00265625
0.369141
-0.0151221
3.29102
4.80273
-0.00782227
4.23535
0.899414
4.25586
-0.00194336
1.76904
5.95312
1.46533
1.98633
0.626953
-0.0189982
0.414062
7.81055
2.03125
0
-0.0187988
2.92383
3.37891
0.191406
1.72852
4.48438
3.5708
1.55393
-0.00464844
-0.00592285
-0.00659668
1.01172
0.392944
0.717773
0.777344
5.63086
-0.00726563
3.98828
2.27441
2.30225
1.07422
-0.00428711
6.79883
5.54688
2.13867
1.39258
4.32617
4.30664
-0.00566925
-0.00304687
4.67676
-0.0116699
4.90039
3.58105
1.26172
4.80273
5.73828
0.869141
1.01562
-0.0202661
6.45215
4.67773
4.4043
3.97168
0.337891
2.58887
2.51367
2.28125
2.11914
8.35938
0.890625
0.140625
-0.016499
0.625
1.34961
0.472656
3.31006
1.77832
-0.00424805
0.371094
2.1875
4.79883
2.77344
2.59766
-0.00200195
-0.0185538
1.97266
6.32812
0.982422
4.22705
4.34814
4.56592
2.08789
-0.0278027
-0.0347046
5.89062
1.62305
-0.0172607
3.92773
-0.00501587
-0.0127637
6.5459
-0.00352783
-0.0197986
-0.0134302
-0.0142041
-0.0228015
-0.0116797
1.3418
2.44141
8.19336
-0.010365
0.654785
2.62109
6.36719
3.2627
-0.0076416
1.32129
6.41699
4.38672
1.31641
7.06055
0.480469
2.73242
-0.0276724
-0.0299854
1.87793
1.05664
-0.00236328
-0.00544434
-0.001875
0.792969
-0.0121021
0.502533
2.19775
-0.00451172
1.11914
5.07812
6.21875
6.36719
3.24658
2.95654
1.72559
0.716797
-0.00255859
1.37207
2.30762
0.116211
-0.00693359
-0.00808594
9.27734
8.44336
4.37305
2.52441
1.32227
4.44141
2.625
0.921875
-0.00299805
-0.0427686
-0.00918945
-0.0333655
-0.0230957
1.19922
-0.0108789
-0.00293457
0.642578
2.01025
6.07031
10.7988
2.99512
6.04785
0.861328
8.69141
0.0625
2.78125
-0.00707031
3.20508
-0.0164642
-0.0102344
0.572266
-0.00382812
-0.0036377
0.964844
-0.0160645
1.125
0.589844
0.669922
-0.0109326
-0.00515015
2.4707
-0.0334473
4.24609
0.0976562
0.512695
-0.0141455
0.726562
-0.00650391
-0.0129102
1.18359
0.560547
-0.011142
-0.0237927
-0.00539062
1.86597
0.399414
-0.0199722
-0.0154315
8.28906
6.59375
2.8252
1.02051
0.731445
1.91016
0.833984
2.1748
-0.0137158
-0.0215039
-0.0180371
5.05859
0.60498
-0.00525879
1.45441
2.73926
2.11328
3.75098
-0.00260742
2.81445
0.683594
3.90625
0.046875
2.59766
-0.0149561
1.00586
-0.00306641
8.58594
6.9707
2.5791
-0.00197266
0.919922
-0.00880859
2.14746
3.68604
-0.00304687
4.11914
-0.00929199
1.78906
-0.00390625
-0.0146387
0.90625
0.878906
1.82324
2.23926
-0.0068457
-0.0288916
-0.0099408
0.420898
-0.0524634
-0.0360291
4.56403
10.8477
7.63379
-0.00387939
2.73486
2.30371
0.782227
-0.00289063
1.91504
1.74561
6.88477
5.6543
-0.0173663
5.06445
7.44141
4.19238
3.64941
2.8584
2.06445
0.361328
1.31836
-0.00887207
3.74902
-0.00253906
3.08008
1.90723
0.0742188
-0.0266455
6.5332
-0.00151611
-0.0125977
-0.00982422
0.5625
11.0957
0.290039
-0.00695068
-0.0104883
1.92188
1.22363
0.09375
-0.00677734
2.27734
1.00977
-0.00188782
-0.0172302
1.5127
1.91406
4.11914
2.71387
-0.00179687
0.826172
-0.0207227
-0.0083989
-0.00516937
0.145409
-0.0287012
0.0703125
2.2793
-0.0119434
0.427734
-0.0502417
8.79102
11.8477
6.73633
-0.020365
-0.0488782
0.84375
-0.00677002
3.08105
3.67188
2.40723
3.44629
0.599609
0.326172
1.92804
0.0898438
-0.0021582
-0.00703613
1.98438
-0.0374042
10.2363
1.40979
-0.0183948
2.66992
1.80527
4.44238
5.30469
-0.00297363
5.25928
2.92773
1.95898
1.9209
1.69629
-0.00390625
2.60059
2.8584
-9.76562e-05
-0.019541
10.25
5.20898
-0.00334961
0.972656
2.52344
-0.0143945
-0.0484473
-0.0337415
1.94043
-0.0192334
-0.0202266
1.39648
0.189453
1.34766
-0.0240894
3.125
-0.0371753
-0.00699524
-0.0408856
-0.0227539
-0.00595703
-0.00393188
1.00146
2.56055
2.94336
3.31836
0.0625
0.78125
4.2373
-0.0116797
1.68359
1.83398
0.575195
-0.0256738
1.48215
6.4043
5.04541
8.16211
-0.00067627
9.05273
-0.00250244
1.93689
0.38623
2.29492
0.775879
1.85693
1.49707
-0.00214844
0.263672
0.878906
0.824219
-0.0379053
1.63623
0.888672
2.61914
1.53516
0.0703125
1.78027
0.00390625
2.34961
1.01172
3.05469
4.59375
3.75732
1.55273
-0.00115234
-0.0105762
-0.0302869
-0.0293243
0.572266
0.326172
0.882812
0.866211
2.14203
2.07324
3.43164
3.9082
3.36426
0.566406
0.892578
2.19434
-0.00492676
1.86426
2.41113
-0.0112109
-0.0249976
-0.0356158
4.58301
-0.0273047
-0.0232813
-0.0426379
1.73181
-0.0197949
5.20703
2.41016
6.69336
3.46094
2.81738
2.05469
2.31348
3.62891
3.1084
0.55957
-0.0037793
5.50977
1.7168
2.71484
2.0625
1.12402
1.39453
0.759766
3.51904
0.787109
-0.000175781
-0.0196021
1.0683
2.0293
2.20312
-0.00207031
2.43457
0.464844
0.473633
1.50293
1.94873
-0.00664459
2.89258
0.0302734
2.93652
3.9126
3.7666
1.44141
2.60547
0.299805
-0.037146
-0.0133398
4.15527
-0.00474609
-0.000410156
-0.0314844
-0.0428906
-0.0270947
2.4707
2.02344
-0.00789062
-0.0278223
0.748047
0.242188
1.14697
0.558594
1.3418
0.423828
-0.00582031
1.96484
-0.00581055
-0.00842773
-0.00220215
2.59717
-0.00318359
2.22266
2.70996
1.17285
1.70898
3.03223
1.48438
1.31836
0.418213
0.241028
1.1543
1.26855
2.22266
1.75
2.96143
0.894531
-0.0169385
0.800293
0.790039
-0.0129969
2.57031
1.46289
2.73828
4.5752
1.07233
-0.00291016
0.78125
-0.0226025
4.57617
-0.012168
7.19336
1.24414
1.0625
-0.00366211
-0.0275598
-0.0340967
9.48828
3.52246
-0.0264795
3.96692
0.209961
-0.0129102
0.974121
3.16406
4.33594
3.11328
5.92139
5.27148
3.51758
-0.0495068
7.01953
0.55957
1.16406
0.0234375
1.07812
1.16895
2.74609
0.149902
3.78125
3.21533
2.39893
-0.00221558
3.05566
3.21045
0.265625
-0.019375
1.31836
4.4082
2.26855
2.02344
-0.0120312
-0.0151569
3.0957
1.41406
3.33984
2.59766
-0.0101318
1.34961
0.886719
-0.029541
6.82617
0.340515
-0.013512
3.81299
0.548828
1.2832
0.00390625
-0.0166724
0.335449
1.43262
-0.000419922
8.57422
6.9668
-0.0337842
-0.0113123
-0.00217468
2.93945
0.102173
1.07773
-0.0120392
2.26416
1.44531
9.57031
5.56348
4.26562
0.196777
1.5957
0.556641
2.03223
0.986328
-0.00629395
-0.00271484
-0.0108203
-0.00458984
-0.000986328
0.320312
2.68945
1.47852
1.14062
-0.00197266
0.816406
1.69629
0.708984
-0.00712769
2.78125
-0.00699219
5.00537
0.175781
-0.00137695
-0.0161523
-0.0201172
0.501953
0.417969
-0.0436719
-0.0157129
-0.00263672
-0.0128516
0.4375
0.982422
-0.0211133
-0.00935547
-0.012207
-0.0121411
-0.0215576
0.0566406
6.45215
5.14355
5.49902
0.791016
2.3418
3.26465
3.47461
0.875
-0.00915161
10.7344
6.40039
3.35449
2.98828
2.99219
2.32129
3.33691
4.46484
4.77734
3.46582
2.87061
3.24121
2.13672
2.11426
2.07715
2.50684
1.54004
3.32617
2.14062
3.37158
0.724609
0.402588
2.5127
-0.0104687
5.44385
-0.0090332
0.736328
-0.037373
1.82617
4.78125
4.78027
-0.00197266
1.87109
2.03711
3.17432
2.18848
1.56445
2.23535
4.08984
3.50586
3.35889
-0.0137504
4.44434
5.99023
2.88623
1.69434
-0.00253906
-0.0075
-0.005625
-0.025166
-0.00908203
-0.00344116
0.500977
0.427734
6.4502
-0.0122559
-0.00671875
1.16406
-0.00125488
-0.00298828
0.46582
-0.0143555
-0.0166357
-0.00626953
-0.00853516
-0.00196289
-0.00103516
-0.0052124
-0.00604492
-0.00520996
0.123047
2.34082
1.94922
-0.00394531
1.93555
-0.00015625
5.74316
5.05029
1.59473
0.643555
3.28027
2.55273
5.84277
3.52734
4.83057
5.84375
4.34766
0.579407
2.81348
2.00684
2.66406
3.75055
4.51562
1.49316
1.14404
-0.0173242
5.19531
4.46875
3.75
3.72656
4.06396
2.94336
1.53027
6.3457
-0.0142383
-0.0413245
0.738281
1.78662
7.78223
0.228516
1.26367
-0.00658203
0.867188
3.18164
1.40625
0.947266
1.97754
2.57617
2.22363
1.97949
0.574219
-0.0019873
0.243164
1.29398
-0.00113281
1.43164
0.652023
2.49805
4.87402
5.17578
2.32812
3.22461
1.19849
5.00586
-0.00202637
3.11816
3.91211
3.80664
1.14648
4.24121
4.78516
7.58594
-0.00177734
2.56934
3.23047
4.49512
6.91602
2.59912
4.58203
-0.00894043
5.33301
5.68848
6.66406
4.33398
3.60254
8.65234
-0.00216797
1.77881
2.53711
5.68359
5.76172
4.70117
3.53906
3.99707
0.801758
2.99805
5.27686
3.71191
1.1582
2.79883
3.1875
1.96973
2.19629
3.66553
3.30469
2.78564
2.18262
9.75
0.526367
-0.0215656
3.25391
3.1875
4.14697
5.61914
5.08789
2.01074
5.78857
3.11133
2.92578
1.16211
5.78711
3.56641
1.25684
6.34961
1.23633
-0.0208008
8.85156
-0.000155334
-0.0265625
5.3291
0.233398
2.46257
-0.00146484
-0.0104004
-0.0262695
-0.0219922
2.78613
-0.0133105
-0.0147955
-0.0115918
10.5117
-0.00503906
0.447266
-0.000605469
-0.00134766
1.54688
1.99219
2.14014
1.82715
3.98145
2.51465
4.4541
3.59961
4.60254
6.06445
6.625
5.78418
4.5127
3.90918
7.16016
3.35938
0.271484
3.15234
-0.00109375
-0.00228516
-0.000839844
3.14844
5.46387
4.00781
4.75391
4.53467
0.763672
8.375
0.857422
3.39648
5.46191
3.13867
1.13867
-0.000810547
-0.00509766
1.35547
0.283203
-0.0308838
3.69922
-0.0151123
5.95117
3.14062
2.09961
10.5547
0.477539
2.4873
3.70215
4.12402
6.62305
2.60742
2.09766
4.76416
2.33496
-0.0104883
6.13672
3.11719
2.125
-0.0154687
0.686523
1.54883
-0.00875
-0.003125
-0.0139648
-0.0003125
0.367188
0.666016
1.30664
-0.00254883
-0.040542
2.4292
0
0
0
0
0
0
0
0
0
0
0
0
0
0
0
0
0
0
0
0
0
0
0
0
0
0
0
0
0
0
0
0
0
0
0
0
0
0
0
0
0
0
0
0
0
0
0
0
0
0
0
0
0
0
0
0
0
0
0
0
0
0
0
0
0
0
0
0
0
0
0
0
0
0
0
0
0
0
0
0
0
0
0
0
0
0
0
0
0
0
0
0
0
0
0
0
0
0
0
0
0
0
0
0
0
0
0
0
0
0
0
0
0
0
0
0
0
0
0
0
0
0
0
0
0
0
0
0
0
0
0
0
0
0
0
0
0
0
0
0
0
0
0
0
0
0
0
0
0
0
0
0
0
0
0
0
0
0
0
0
0
0
0
0
0
0
0
0
0
0
0
0
0
0
0
0
0
0
0
0
0
0
0
0
0
0
0
0
0
0
0
0
0
0
0
0
0
0
0
0
0
0
0
0
0
0
0
0
0
0
0
0
0
0
0
0
0
0
0
0
0
0
0
0
0
0
0
0
0
0
0
0
0
0
0
0
0
0
0
0
0
0
0
0
0
0
0
0
0
0
0
0
0
0
0
0
0
0
0
0
0
0
0
0
0
0
0
0
0
0
0
0
0
0
0
0
0
0
0
0
0
0
0
0
0
0
0
0
0
0
0
0
0
0
0
0
0
0
0
0
0
0
0
0
0
0
0
0
0
0
0
0
0
0
0
0
0
0
0
0
0
0
0
0
0
0
0
0
0
0
0
0
0
0
0
0
0
0
0
0
0
0
0
0
0
0
0
0
0
0
0
0
0
0
0
0
0
0
0
0
0
0
0
0
0
0
0
0
0
0
0
0
0
0
0
0
0
0
0
0
0
0
0
0
0
0
0
0
0
0
0
0
0
0
0
0
0
0
0
0
0
0
0
0
0
0
0
0
0
0
0
0
0
0
0
0
0
0
0
0
0
0
0
0
0
0
0
0
0
0
0
0
0
0
0
0
0
0
0
0
0
0
0
0
0
0
0
0
0
0
0
0
0
0
0
0
0
0
0
0
0
0
0
0
0
0
0
0
0
0
0
0
0
0
0
0
0
0
0
0
0
0
0
0
0
0
0
0
0
0
0
0
0
0
0
0
0
0
0
0
0
0
0
0
0
0
0
0
0
0
0
0
0
0
0
0
0
0
0
0
0
0
0
0
0
0
0
0
0
0
0
0
0
0
0
0
0
0
0
0
0
0
0
0
0
0
0
0
0
0
0
0
0
0
0
0
0
0
0
0
0
0
0
0
0
0
0
0
0
0
0
0
0
0
0
0
0
0
0
0
0
0
0
0
0
0
0
0
0
0
0
0
0
0
0
0
0
0
0
0
0
0
0
0
0
0
0
0
0
0
0
0
0
0
0
0
0
0
0
0
0
0
0
0
0
0
0
0
0
0
0
0
0
0
0
0
0
0
0
0
0
0
0
0
0
0
0
0
0
0
0
0
0
0
0
0
0
0
0
0
0
0
0
0
0
0
0
0
0
0
0
0
0
0
0
0
0
0
0
0
0
0
0
0
0
0
0
0
0
0
0
0
0
0
0
0
0
0
0
0
0
0
0
0
0
0
0
0
0
0
0
0
0
0
0
0
0
0
0
0
0
0
0
0
0
0
0
0
0
0
0
0
0
0
0
0
0
0
0
0
0
0
0
0
0
0
0
0
0
0
0
0
0
0
0
0
0
0
0
0
0
0
0
0
0
0
0
0
0
0
0
0
0
0
0
0
0
0
0
0
0
0
0
0
0
0
0
0
0
0
0
0
0
0
0
0
0
0
0
0
0
0
0
0
0
0
0
0
0
0
0
0
0
0
0
0
0
0
0
0
0
0
0
0
0
0
0
0
0
0
0
0
0
0
0
0
0
0
0
0
0
0
0
0
0
0
0
0
0
0
0
0
0
0
0
0
0
0
0
0
0
0
0
0
0
0
0
0
0
0
0
0
0
0
0
0
0
0
0
0
0
0
0
0
0
0
0
0
0
0
0
0
0
0
0
0
0
0
0
0
0
0
0
0
0
0
0
0
0
0
0
0
0
0
0
0
0
0
0
0
0
0
0
0
0
0
0
0
0
0
0
0
0
0
0
0
0
0
0
0
0
0
0
0
0
0
0
0
0
0
0
0
0
0
0
0
0
0
0
0
0
0
0
0
0
0
0
0
0
0
0
0
0
0
0
0
0
0
0
0
0
0
0
0
0
0
0
0
0
0
0
0
0
0
0
0
0
0
0
0
0
0
0
0
0
0
0
0
0
0
0
0
0
0
0
0
0
0
0
0
0
0
0
0
0
0
0
0
0
0
0
0
0
0
0
0
0
0
0
0
0
0
0
0
0
0
0
0
0
0
0
0
0
0
0
0
0
0
0
0
0
0
0
0
0
0
0
0
0
0
0
0
0
0
0
0
0
0
0
0
0
0
0
0
0
0
0
0
0
0
0
0
0
0
0
0
0
0
0
0
0
0
0
0
0
0
0
0
0
0
0
0
0
0
0
0
0
0
0
0
0
0
0
0
0
0
0
0
0
0
0
0
0
0
0
0
0
0
0
0
0
0
0
0
0
0
0
0
0
0
0
0
0
0
0
0
0
0
0
0
0
0
0
0
0
0
0
0
0
0
0
0
0
0
0
0
0
0
0
0
0
0
0
0
0
0
0
0
0
0
0
0
0
0
0
0
0
0
0
0
0
0
0
0
0
0
0
0
0
0
0
0
0
0
0
0
0
0
0
0
0
0
0
0
0
0
0
0
0
0
0
0
0
0
0
0
0
0
0
0
0
0
0
0
0
0
0
0
0
0
0
0
0
0
0
0
0
0
0
0
0
0
0
0
0
0
0
0
0
0
0
0
0
0
0
0
0
0
0
0
0
0
0
0
0
0
0
0
0
0
0
0
0
0
0
0
0
0
0
0
0
0
0
0
0
0
0
0
0
0
0
0
0
0
0
0
0
0
0
0
0
0
0
0
0
0
0
0
0
0
0
0
0
0
0
0
0
0
0
0
0
0
0
0
0
0
0
0
0
0
0
0
0
0
0
0
0
0
0
0
0
0
0
0
0
0
0
0
0
0
0
0
0
0
0
0
0
0
0
0
0
0
0
0
0
0
0
0
0
0
0
0
0
0
0
0
0
0
0
0
0
0
0
0
0
0
0
0
0
0
0
0
0
0
0
0
0
0
0
0
0
0
0
0
0
0
0
0
0
0
0
0
0
0
0
0
0
0
0
0
0
0
0
0
0
0
0
0
0
0
0
0
0
0
0
0
0
0
0
0
0
0
0
0
0
0
0
0
0
0
0
0
0
0
0
0
0
0
0
0
0
0
0
0
0
0
0
0
0
0
0
0
0
0
0
0
0
0
0
0
0
0
0
0
0
0
0
0
0
0
0
0
0
0
0
0
0
0
0
0
0
0
0
0
0
0
0
0
0
0
0
0
0
0
0
0
0
0
0
0
0
0
0
0
0
0
0
0
0
0
0
0
0
0
0
0
0
0
0
0
0
0
0
0
0
0
0
0
0
0
0
0
0
0
0
0
0
0
0
0
0
0
0
0
0
0
0
0
0
0
0
0
0
0
0
0
0
0
0
0
0
0
0
0
0
0
0
0
0
0
0
0
0
0
0
0
0
0
0
0
0
0
0
0
0
0
0
0
0
0
0
0
0
0
0
0
0
0
0
0
0
0
0
0
0
0
0
0
0
0
0
0
0
0
0
0
0
0
0
0
0
0
0
0
0
0
0
0
0
0
0
0
0
0
0
0
0
0
0
0
0
0
0
0
0
0
0
0
0
0
0
0
0
0
0
0
0
0
0
0
0
0
0
0
0
0
0
0
0
0
0
0
0
0
0
0
0
0
0
0
0
0
0
0
0
0
0
0
0
0
0
0
0
0
0
0
0
0
0
0
0
0
0
0
0
0
0
0
0
0
0
0
0
0
0
0
0
0
0
0
0
0
0
0
0
0
0
0
0
0
0
0
0
0
0
0
0
0
0
0
0
0
0
0
0
0
0
0
0
0
0
0
0
0
0
0
0
0
0
0
0
0
0
0
0
0
0
0
0
0
0
0
0
0
0
0
0
0
0
0
0
0
0
0
0
0
0
0
0
0
0
0
0
0
0
0
0
0
0
0
0
0
0
0
0
0
0
0
0
0
0
0
0
0
0
0
0
0
0
0
0
0
0
0
0
0
0
0
0
0
0
0
0
0
0
0
0
0
0
0
0
0
0
0
0
0
0
0
0
0
0
0
0
0
0
0
0
0
0
0
0
0
0
0
0
0
0
0
0
0
0
0
0
0
0
0
0
0
0
0
0
0
0
0
0
0
0
0
0
0
0
0
0
0
0
0
0
0
0
0
0
0
0
0
0
0
0
0
0
0
0
0
0
0
0
0
0
0
0
0
0
0
0
0
0
0
0
0
0
0
0
0
0
0
0
0
0
0
0
0
0
0
0
0
0
0
0
0
0
0
0
0
0
0
0
0
0
0
0
0
0
0
0
0
0
0
0
0
0
0
0
0
0
0
0
0
0
0
0
0
0
0
0
0
0
0
0
0
0
0
0
0
0
0
0
0
0
0
0
0
0
0
0
0
0
0
0
0
0
0
0
0
0
0
0
0
0
0
0
0
0
0
0
0
0
0
0
0
0
0
0
0
0
0
0
0
0
0
0
0
0
0
0
0
0
0
0
0
0
0
0
0
0
0
0
0
0
0
0
0
0
0
0
0
0
0
0
0
0
0
0
0
0
0
0
0
0
0
0
0
0
0
0
0
0
0
0
0
0
0
0
0
0
0
0
0
0
0
0
0
0
0
0
0
0
0
0
0
0
0
0
0
0
0
0
0
0
0
0
0
0
0
0
0
0
0
0
0
0
0
0
0
0
0
0
0
0
0
0
0
0
0
0
0
0
0
0
0
0
0
0
0
0
0
0
0
0
0
0
0
0
0
0
0
0
0
0
0
0
0
0
0
0
0
0
0
0
0
0
0
0
0
0
0
0
0
0
0
0
0
0
0
0
0
0
0
0
0
0
0
0
0
0
0
0
0
0
0
0
0
0
0
0
0
0
0
0
0
0
0
0
0
0
0
0
0
0
0
0
0
0
0
0
0
0
0
0
0
0
0
0
0
0
0
0
0
0
0
0
0
0
0
0
0
0
0
0
0
0
0
0
0
0
0
0
0
0
0
0
0
0
0
0
0
0
0
0
0
0
0
0
0
0
0
0
0
0
0
0
0
0
0
0
0
0
0
0
0
0
0
0
0
0
0
0
0
0
0
0
0
0
0
0
0
0
0
0
0
0
0
0
0
0
0
0
0
0
0
0
0
0
0
0
0
0
0
0
0
0
0
0
0
0
0
0
0
0
0
0
0
0
0
0
0
0
0
0
0
0
0
0
0
0
0
0
0
0
0
0
0
0
0
0
0
0
0
0
0
0
0
0
0
0
0
0
0
0
0
0
0
0
0
0
0
0
0
0
0
0
0
0
0
0
0
0
0
0
0
0
0
0
0
0
0
0
0
0
0
0
0
0
0
0
0
0
0
0
0
0
0
0
0
0
0
0
0
0
0
0
0
0
0
0
0
0
0
0
0
0
0
0
0
0
0
0
0
0
0
0
0
0
0
0
0
0
0
0
0
0
0
0
0
0
0
0
0
0
0
0
0
0
0
0
0
0
0
0
0
0
0
0
0
0
0
0
0
0
0
0
0
0
0
0
0
0
0
0
0
0
0
0
0
0
0
0
0
0
0
0
0
0
0
0
0
0
0
0
0
0
0
0
0
0
0
0
0
0
0
0
0
0
0
0
0
0
0
0
0
0
0
0
0
0
0
0
0
0
0
0
0
0
0
0
0
0
0
0
0
0
0
0
0
0
0
0
0
0
0
0
0
0
0
0
0
0
0
0
0
0
0
0
0
0
0
0
0
0
0
0
0
0
0
0
0
0
0
0
0
0
0
0
0
0
0
0
0
0
0
0
0
0
0
0
0
0
0
0
0
0
0
0
0
0
0
0
0
0
0
0
0
0
0
0
0
0
0
0
0
0
0
0
0
0
0
0
0
0
0
0
0
0
0
0
0
0
0
0
0
0
0
0
0
0
0
0
0
0
0
0
0
0
0
0
0
0
0
0
0
0
0
0
0
0
0
0
0
0
0
0
0
0
0
0
0
0
0
0
0
0
0
0
0
0
0
0
0
0
0
0
0
0
0
0
0
0
0
0
0
0
0
0
0
0
0
0
0
0
0
0
0
0
0
0
0
0
0
0
0
0
0
0
0
0
0
0
0
0
0
0
0
0
0
0
0
0
0
0
0
0
0
0
0
0
0
0
0
0
0
0
0
0
0
0
0
0
0
0
0
0
0
0
0
0
0
0
0
0
0
0
0
0
0
0
0
0
0
0
0
0
0
0
0
0
0
0
0
0
0
0
0
0
0
0
0
0
0
0
0
0
0
0
0
0
0
0
0
0
0
0
0
0
0
0
0
0
0
0
0
0
0
0
0
0
0
0
0
0
0
0
0
0
0
0
0
0
0
0
0
0
0
0
0
0
0
0
0
0
0
0
0
0
0
0
0
0
0
0
0
0
0
0
0
0
0
0
0
0
0
0
0
0
0
0
0
0
0
0
0
0
0
0
0
0
0
0
0
0
0
0
0
0
0
0
0
0
0
0
0
0
0
0
0
0
0
0
0
0
0
0
0
0
0
0
0
0
0
0
0
0
0
0
0
0
0
0
0
0
0
0
0
0
0
0
0
0
0
0
0
0
0
0
0
0
0
0
0
0
0
0
0
0
0
0
0
0
0
0
0
0
0
0
0
0
0
0
0
0
0
0
0
0
0
0
0
0
0
0
0
0
0
0
0
0
0
0
0
0
0
0
0
0
0
0
0
0
0
0
0
0
0
0
0
0
0
0
0
0
0
0
0
0
0
0
0
0
0
0
0
0
0
0
0
0
0
0
0
0
0
0
0
0
0
0
0
0
0
0
0
0
0
0
0
0
0
0
0
0
0
0
0
0
0
0
0
0
0
0
0
0
0
0
0
0
0
0
0
0
0
0
0
0
0
0
0
0
0
0
0
0
0
0
0
0
0
0
0
0
0
0
0
0
0
0
0
0
0
0
0
0
0
0
0
0
0
0
0
0
0
0
0
0
0
0
0
0
0
0
0
0
0
0
0
0
0
0
0
0
0
0
0
0
0
0
0
0
0
0
0
0
0
0
0
0
0
0
0
0
0
0
0
0
0
0
0
0
0
0
0
0
0
0
0
0
0
0
0
0
0
0
0
0
0
0
0
0
0
0
0
0
0
0
0
0
0
0
0
0
0
0
0
0
0
0
0
0
0
0
0
0
0
0
0
0
0
0
0
0
0
0
0
0
0
0
0
0
0
0
0
0
0
0
0
0
0
0
0
0
0
0
0
0
0
0
0
0
0
0
0
0
0
0
0
0
0
0
0
0
0
0
0
0
0
0
0
0
0
0
0
0
0
0
0
0
0
0
0
0
0
0
0
0
0
0
0
0
0
0
0
0
0
0
0
0
0
0
0
0
0
0
0
0
0
0
0
0
0
0
0
0
0
0
0
0
0
0
0
0
0
0
0
0
0
0
0
0
0
0
0
0
0
0
0
0
0
0
0
0
0
0
0
0
0
0
0
0
0
0
0
0
0
0
0
0
0
0
0
0
0
0
0
0
0
0
0
0
0
0
0
0
0
0
0
0
0
0
0
0
0
0
0
0
0
0
0
0
0
0
0
0
0
0
0
0
0
0
0
0
0
0
0
0
0
0
0
0
0
0
0
0
0
0
0
0
0
0
0
0
0
0
0
0
0
0
0
0
0
0
0
0
0
0
0
0
0
0
0
0
0
0
0
0
0
0
0
0
0
0
0
0
0
0
0
0
0
0
0
0
0
0
0
0
0
0
0
0
0
0
0
0
0
0
0
0
0
0
0
0
0
0
0
0
0
0
0
0
0
0
0
0
0
0
0
0
0
0
0
0
0
0
0
0
0
0
0
0
0
0
0
0
0
0
0
0
0
0
0
0
0
0
0
0
0
0
0
0
0
0
0
0
0
0
0
0
0
0
0
0
0
0
0
0
0
0
0
0
0
0
0
0
0
0
0
0
0
0
0
0
0
0
0
0
0
0
0
0
0
0
0
0
0
0
0
0
0
0
0
0
0
0
0
0
0
0
0
0
0
0
0
0
0
0
0
0
0
0
0
0
0
0
0
0
0
0
0
0
0
0
0
0
0
0
0
0
0
0
0
0
0
0
0
0
0
0
0
0
0
0
0
0
0
0
0
0
0
0
0
0
0
0
0
0
0
0
0
0
0
0
0
0
0
0
0
0
0
0
0
0
0
0
0
0
0
0
0
0
0
0
0
0
0
0
0
0
0
0
0
0
0
0
0
0
0
0
0
0
0
0
0
0
0
0
0
0
0
0
0
0
0
0
0
0
0
0
0
0
0
0
0
0
0
0
0
0
0
0
0
0
0
0
0
0
0
0
0
0
0
0
0
0
0
0
0
0
0
0
0
0
0
0
0
0
0
0
0
0
0
0
0
0
0
0
0
0
0
0
0
0
0
0
0
0
0
0
0
0
0
0
0
0
0
0
0
0
0
0
0
0
0
0
0
0
0
0
0
0
0
0
0
0
0
0
0
0
0
0
0
0
0
0
0
0
0
0
0
0
0
0
0
0
0
0
0
0
0
0
0
0
0
0
0
0
0
0
0
0
0
0
0
0
0
0
0
0
0
0
0
0
0
0
0
0
0
0
0
0
0
0
0
0
0
0
0
0
0
0
0
0
0
0
0
0
0
0
0
0
0
0
0
0
0
0
0
0
0
0
0
0
0
0
0
0
0
0
0
0
0
0
0
0
0
0
0
0
0
0
0
0
0
0
0
0
0
0
0
0
0
0
0
0
0
0
0
0
0
0
0
0
0
0
0
0
0
0
0
0
0
0
0
0
0
0
0
0
0
0
0
0
0
0
0
0
0
0
0
0
0
0
0
0
0
0
0
0
0
0
0
0
0
0
0
0
0
0
0
0
0
0
0
0
0
0
0
0
0
0
0
0
0
0
0
0
0
0
0
0
0
0
0
0
0
0
0
0
0
0
0
